3.286288261413574219e+00
1.095504760742187500e+01
-4.875836074352264404e-01
8.865920305252075195e-01
-1.287952899932861328e+01
1.373427295684814453e+01
-4.029592037200927734e+00
7.609297275543212891e+00
-1.992244601249694824e+00
-2.169785976409912109e+00
-9.910413742065429688e+00
5.686507701873779297e+00
-4.007350444793701172e+00
-2.051349878311157227e+00
-4.330103397369384766e-01
-3.895968198776245117e+00
-3.181138515472412109e+00
5.812475204467773438e+00
2.928711414337158203e+00
-2.795870780944824219e+00
-4.239471435546875000e+00
-1.151264190673828125e+00
4.796814441680908203e+00
7.377033233642578125e+00
-1.697960019111633301e+00
1.814656066894531250e+01
3.779804468154907227e+00
2.036054992675781250e+01
5.808414936065673828e+00
4.763558387756347656e+00
8.218803405761718750e+00
-2.602634429931640625e+00
-2.450598955154418945e+00
-2.470303535461425781e+00
-5.725352764129638672e+00
8.471563339233398438e+00
6.727477073669433594e+00
-3.734063386917114258e+00
-4.869261741638183594e+00
4.679246902465820312e+00
4.290072441101074219e+00
-3.221709489822387695e+00
7.524375915527343750e+00
-4.053152084350585938e+00
7.405868053436279297e+00
5.599832057952880859e+00
-4.308737754821777344e+00
-8.394556999206542969e+00
1.036082553863525391e+01
1.381984806060791016e+01
1.492315053939819336e+00
-3.463300943374633789e+00
-2.926444053649902344e+00
-1.179823875427246094e+00
7.073613166809082031e+00
-2.494619369506835938e+00
3.415682077407836914e+00
8.553452491760253906e+00
5.594928264617919922e+00
1.075054168701171875e+01
-1.145717501640319824e+00
-9.077572822570800781e+00
-8.209012985229492188e+00
1.578945040702819824e+00
6.599658727645874023e-01
-3.304195106029510498e-01
1.873331367969512939e-01
3.343720674514770508e+00
-3.104940176010131836e+00
-3.630749702453613281e+00
2.889320373535156250e+00
1.755895972251892090e+00
1.345236968994140625e+01
-1.065567374229431152e+00
-3.726666688919067383e+00
-5.457914829254150391e+00
2.088730573654174805e+00
2.627493143081665039e-01
3.757101297378540039e+00
-6.356619358062744141e+00
-3.264111757278442383e+00
1.092940616607666016e+01
5.105687618255615234e+00
5.095241069793701172e+00
-4.112799167633056641e+00
-4.521447181701660156e+00
-8.620254516601562500e+00
6.675271034240722656e+00
-1.495969176292419434e+00
7.039681434631347656e+00
4.038086891174316406e+00
3.971092939376831055e+00
-4.944363117218017578e+00
5.505454063415527344e+00
1.691850662231445312e+01
-1.829551577568054199e+00
-1.084304046630859375e+01
-4.113609790802001953e+00
1.160369753837585449e+00
-1.204716396331787109e+01
1.855728268623352051e+00
5.508311271667480469e+00
-6.794528961181640625e+00
1.571608924865722656e+01
-2.902450323104858398e+00
1.207839250564575195e+00
3.860738515853881836e+00
2.276592016220092773e+00
-4.827691078186035156e+00
4.600757122039794922e+00
1.176201057434082031e+01
-1.841794133186340332e+00
-3.220592021942138672e+00
6.011260509490966797e+00
-3.971257209777832031e+00
8.733022689819335938e+00
3.485362052917480469e+00
3.089873313903808594e+00
3.185650587081909180e+00
4.815416812896728516e+00
2.002943754196166992e+00
-5.695463657379150391e+00
-2.187679052352905273e+00
-2.245242357254028320e+00
-3.561967134475708008e+00
5.369570732116699219e+00
-5.367214679718017578e+00
-3.212058067321777344e+00
8.046996116638183594e+00
-8.295809745788574219e+00
-5.571401596069335938e+00
-2.283544063568115234e+00
-2.410100698471069336e+00
1.223251819610595703e+00
-9.191574096679687500e+00
-2.042477607727050781e+00
-1.749146842956542969e+01
-3.383413553237915039e-01
-1.923114538192749023e+00
-4.590124487876892090e-01
4.300047397613525391e+00
-8.852957725524902344e+00
-9.218048095703125000e+00
-8.568675994873046875e+00
1.251594829559326172e+01
-5.236684530973434448e-02
-2.889149904251098633e+00
-1.051631569862365723e+00
-3.176774024963378906e+00
2.049991846084594727e+00
-4.717403888702392578e+00
4.332694530487060547e+00
4.292207241058349609e+00
-5.966089725494384766e+00
-6.289760589599609375e+00
-4.868812084197998047e+00
-3.423266172409057617e+00
-9.597993850708007812e+00
1.163950920104980469e+00
8.847339749336242676e-01
-1.014100837707519531e+01
5.347306728363037109e+00
3.366505622863769531e+00
8.110503196716308594e+00
-2.233664274215698242e+00
-3.068742036819458008e+00
-1.510762423276901245e-01
6.939150691032409668e-01
-5.170259475708007812e-01
-6.756708145141601562e+00
-2.201718330383300781e+01
-3.590176105499267578e+00
-6.937814235687255859e+00
-4.853126049041748047e+00
1.133454084396362305e+00
2.725038766860961914e+00
-7.666433334350585938e+00
-8.224597930908203125e+00
1.293714046478271484e+01
1.024380970001220703e+01
-9.915753364562988281e+00
2.665655612945556641e+00
-1.894718706607818604e-01
-3.032279491424560547e+00
-2.150916099548339844e+00
-3.803795576095581055e+00
-1.034989595413208008e+00
3.784496784210205078e+00
2.326221227645874023e+00
-1.699524998664855957e+00
2.493879318237304688e+00
-2.762232065200805664e+00
2.955277204513549805e+00
-8.725441932678222656e+00
1.694598007202148438e+01
6.889223098754882812e+00
-3.521937131881713867e+00
-4.865900516510009766e+00
1.085422277450561523e+00
-1.616959214210510254e+00
1.719036865234375000e+01
8.347318649291992188e+00
-1.739850759506225586e+00
1.472331428527832031e+01
-5.743101596832275391e+00
3.614047527313232422e+00
1.140990614891052246e+00
-2.121058082580566406e+01
-2.204464673995971680e+00
3.105600357055664062e+00
-3.999340772628784180e+00
5.055602073669433594e+00
7.783446311950683594e-01
-5.211320877075195312e+00
-2.655987143516540527e-01
-1.965944766998291016e+00
-2.600452423095703125e+00
-6.128176212310791016e+00
6.347893178462982178e-02
5.485042929649353027e-01
-6.853607177734375000e+00
-2.668857812881469727e+00
-1.733149528503417969e+01
3.428246974945068359e+00
-9.997714042663574219e+00
-3.613630533218383789e+00
8.951807975769042969e+00
3.153792917728424072e-01
-5.671932220458984375e+00
5.954450130462646484e+00
-7.335488796234130859e+00
3.699006319046020508e+00
2.878594160079956055e+00
3.582058846950531006e-01
-2.083745956420898438e+00
1.290289044380187988e+00
-7.596380233764648438e+00
5.250577449798583984e+00
7.607818603515625000e+00
-3.333590269088745117e+00
-4.151527881622314453e+00
-5.596308112144470215e-01
-4.212479114532470703e+00
-8.444079160690307617e-01
4.708886146545410156e+00
-9.101230621337890625e+00
-1.004538917541503906e+01
-5.114368200302124023e-01
4.131557464599609375e+00
-4.858551025390625000e+00
-1.813516139984130859e+00
-1.518138885498046875e+01
-5.395873069763183594e+00
2.498026847839355469e+00
-3.447332382202148438e+00
-8.399868965148925781e+00
1.209510707855224609e+01
-1.941795158386230469e+01
-3.583282470703125000e+00
-1.007143735885620117e+00
3.551897287368774414e+00
-2.322420358657836914e+00
-7.334969520568847656e+00
-1.003399372100830078e+01
-4.577830791473388672e+00
5.390041470527648926e-01
-2.044820547103881836e+00
6.149362564086914062e+00
-6.777927279472351074e-01
-4.088878154754638672e+00
-5.405069828033447266e+00
2.984750270843505859e+00
3.310836791992187500e+00
-7.624018192291259766e+00
6.715918779373168945e-01
-2.544604539871215820e+00
-6.587718486785888672e+00
-3.113188982009887695e+00
-9.417340278625488281e+00
1.029525566101074219e+01
-5.313790321350097656e+00
1.642404556274414062e+00
6.906593799591064453e+00
-2.119182109832763672e+00
-3.869294166564941406e+00
3.443369865417480469e+00
2.615248680114746094e+00
-1.496554732322692871e+00
-1.147909736633300781e+01
2.601905345916748047e+00
1.465052366256713867e+00
-1.438047409057617188e+01
-1.293016076087951660e-01
7.781813621520996094e+00
4.026981353759765625e+00
1.971949386596679688e+01
9.753468036651611328e-01
6.345538139343261719e+00
1.232658624649047852e+00
-2.514279603958129883e+00
2.538191080093383789e+00
7.327768325805664062e+00
-2.710100650787353516e+00
-3.123234748840332031e+00
-3.410829067230224609e+00
9.206572771072387695e-01
-6.692203998565673828e+00
-2.827156305313110352e+00
-6.857444286346435547e+00
3.618427515029907227e+00
-8.187365531921386719e+00
1.076345252990722656e+01
-5.358921527862548828e+00
9.268399238586425781e+00
2.626948356628417969e+00
6.173940300941467285e-01
5.369287014007568359e+00
-5.936962127685546875e+00
-5.417039871215820312e+00
8.624207496643066406e+00
-1.146266222000122070e+00
1.320771026611328125e+01
1.434023475646972656e+01
2.758457899093627930e+00
1.614909887313842773e+00
-1.005681133270263672e+01
2.875164031982421875e+00
-3.446666240692138672e+00
1.212505474686622620e-01
1.885934114456176758e+00
-2.813475131988525391e+00
2.520657062530517578e+00
3.917701244354248047e+00
-5.156290054321289062e+00
-1.444406151771545410e+00
-5.560631275177001953e+00
-2.008015251159667969e+01
-7.688223838806152344e+00
9.356550216674804688e+00
-1.033868598937988281e+01
-4.132346630096435547e+00
-3.110874652862548828e+00
2.221036911010742188e+00
3.161498308181762695e-01
-2.661347007751464844e+01
1.282620429992675781e+01
-2.967500090599060059e-01
-3.176065921783447266e+00
-1.128441905975341797e+01
-9.391368865966796875e+00
-3.206302404403686523e+00
7.737510681152343750e+00
-2.502007961273193359e+00
-2.062651067972183228e-01
5.480609416961669922e+00
-3.205144166946411133e+00
3.266634941101074219e-01
-6.420156478881835938e+00
-3.563021659851074219e+00
-4.497260093688964844e+00
-2.687359094619750977e+00
1.031707763671875000e+00
3.365690469741821289e+00
1.278655052185058594e+01
-3.635022878646850586e+00
1.162334918975830078e+00
3.121184349060058594e+00
1.208153724670410156e+01
6.591981410980224609e+00
1.360007762908935547e+01
2.923902750015258789e+00
1.837077140808105469e+00
-5.410910129547119141e+00
5.847011089324951172e+00
5.783194303512573242e-01
1.061846733093261719e+00
7.584823966026306152e-01
-4.292294502258300781e+00
7.484992504119873047e+00
-6.829553127288818359e+00
1.642771959304809570e+00
-4.080256462097167969e+00
-1.008873224258422852e+00
-1.417819499969482422e+01
9.356029510498046875e+00
8.958785057067871094e+00
-1.474795579910278320e+00
6.131130695343017578e+00
-1.128264307975769043e+00
-2.552681446075439453e+00
-8.358908653259277344e+00
4.101975262165069580e-01
6.313469409942626953e+00
-3.102521181106567383e+00
-5.322253704071044922e+00
-9.811174273490905762e-01
4.412779331207275391e+00
8.933719635009765625e+00
-5.989414215087890625e+00
-4.653898239135742188e+00
-4.132465839385986328e+00
3.184632778167724609e+00
2.085442066192626953e+00
7.575780153274536133e-01
5.450157642364501953e+00
1.257043480873107910e-01
-5.875563621520996094e+00
1.514518022537231445e+00
1.023468303680419922e+01
1.462462806701660156e+01
8.050125122070312500e+00
-4.960172474384307861e-01
6.514195919036865234e+00
-3.756740331649780273e+00
4.279335498809814453e+00
6.625383496284484863e-01
-4.344677925109863281e+00
-5.266949176788330078e+00
-2.007785558700561523e+00
-3.436888217926025391e+00
-5.356205105781555176e-01
1.571756172180175781e+01
-8.017824888229370117e-01
2.828158855438232422e+00
2.574008405208587646e-01
-1.213571739196777344e+01
1.528528308868408203e+01
1.033614063262939453e+01
5.152966976165771484e+00
5.272875308990478516e+00
-5.226318836212158203e+00
-2.570545911788940430e+00
7.868497848510742188e+00
-6.172329425811767578e+00
1.665429472923278809e+00
-4.884853839874267578e+00
3.610989093780517578e+00
9.205207824707031250e+00
-2.080167233943939209e-01
-6.892318248748779297e+00
-4.906371116638183594e+00
-3.429122686386108398e+00
-1.150459527969360352e+00
2.737571001052856445e+00
-3.414265871047973633e+00
2.717484712600708008e+00
-4.206771850585937500e+00
-4.179887294769287109e+00
-1.536170244216918945e+00
7.536993026733398438e+00
-3.193914175033569336e+00
-1.018352866172790527e+00
1.534077405929565430e+00
-7.273093223571777344e+00
-1.334987735748291016e+01
-3.013575077056884766e+00
-3.645250558853149414e+00
-3.447750568389892578e+00
-3.883160829544067383e+00
-1.369197010993957520e+00
2.987162768840789795e-01
-6.731287956237792969e+00
2.539158105850219727e+00
8.332669734954833984e-01
1.800020790100097656e+01
1.859547424316406250e+01
1.049322700500488281e+01
9.077386856079101562e+00
3.456308841705322266e+00
3.581714391708374023e+00
3.953296422958374023e+00
-8.521782755851745605e-01
-4.185936450958251953e+00
3.309047937393188477e+00
-5.577023029327392578e+00
-6.674286127090454102e-01
6.842282772064208984e+00
-3.610571861267089844e+00
-1.276004195213317871e+00
-1.749558448791503906e+00
-5.267907619476318359e+00
-1.817059993743896484e+00
-3.609483242034912109e+00
-3.903715848922729492e+00
-1.526361179351806641e+01
-1.739047765731811523e+00
1.763243079185485840e+00
-1.594803428649902344e+01
-5.064291954040527344e+00
4.392598152160644531e+00
-7.585962772369384766e+00
-5.379202842712402344e+00
7.558998465538024902e-01
1.173196315765380859e+00
-4.205113887786865234e+00
-5.310693264007568359e+00
7.345409870147705078e+00
1.277624607086181641e+00
8.014764785766601562e+00
-7.136133193969726562e+00
-2.551627397537231445e+00
-3.931770086288452148e+00
-8.910271644592285156e+00
5.117887973785400391e+00
1.015677833557128906e+01
3.291628837585449219e+00
4.916277825832366943e-01
6.646825313568115234e+00
-4.991063117980957031e+00
-2.329123258590698242e+00
2.717067003250122070e+00
-2.215740680694580078e+00
2.536359310150146484e+00
1.014234924316406250e+01
-9.492800712585449219e+00
9.051262855529785156e+00
2.608458757400512695e+00
-6.076450824737548828e+00
9.719505310058593750e+00
-8.387564659118652344e+00
-7.611191272735595703e+00
8.519598841667175293e-01
2.014580726623535156e+00
7.643617630004882812e+00
-8.599900245666503906e+00
8.850636482238769531e+00
1.179744815826416016e+01
-1.670928597450256348e+00
-6.409390449523925781e+00
1.221544933319091797e+01
4.759704589843750000e+00
2.516682147979736328e+00
1.409268951416015625e+01
1.355495357513427734e+01
4.294758319854736328e+00
2.633857727050781250e+00
-2.200428962707519531e+00
-9.902153968811035156e+00
8.436275482177734375e+00
2.453145503997802734e+00
-2.798509597778320312e+00
3.412332057952880859e+00
-1.146692037582397461e+00
-6.554538249969482422e+00
-2.479592710733413696e-02
5.847666740417480469e+00
-2.140341758728027344e+00
7.801166534423828125e+00
6.233138084411621094e+00
1.248007774353027344e+00
1.143564701080322266e+00
-6.232837200164794922e+00
-8.537010550498962402e-01
4.356097221374511719e+00
-1.102332019805908203e+01
8.352070808410644531e+00
8.505711555480957031e+00
-4.248726844787597656e+00
-1.103730201721191406e+00
-2.128519296646118164e+00
5.587558746337890625e+00
5.257608413696289062e+00
2.710933089256286621e-01
-1.841149806976318359e+00
-3.392393827438354492e+00
-3.992176294326782227e+00
8.219670295715332031e+00
8.176877021789550781e+00
9.672589302062988281e+00
-3.064306259155273438e+00
1.807707071304321289e+00
1.460615038871765137e+00
-3.840372085571289062e+00
-1.155368328094482422e+00
1.710370302200317383e+00
-7.724438667297363281e+00
3.788564682006835938e+00
8.597813606262207031e+00
4.200947761535644531e+00
8.540595173835754395e-01
1.032659053802490234e+00
-5.524644374847412109e+00
-1.037511587142944336e+00
1.229167431592941284e-01
5.346286773681640625e+00
9.468658566474914551e-01
-1.952039480209350586e+00
-1.057186985015869141e+01
6.024237275123596191e-01
1.276611995697021484e+01
-2.981931447982788086e+00
-1.475593686103820801e+00
-1.645302581787109375e+01
3.498467206954956055e+00
-2.508372545242309570e+00
-2.593540430068969727e+00
4.993435382843017578e+00
-9.204840660095214844e+00
2.391777992248535156e+00
-1.390694737434387207e+00
2.434727907180786133e+00
1.217694377899169922e+01
1.263289809226989746e+00
-3.182059288024902344e+00
8.272861480712890625e+00
1.275191903114318848e+00
-3.362107038497924805e+00
7.516394615173339844e+00
-1.598610639572143555e+00
5.316279411315917969e+00
-5.505434513092041016e+00
1.744470000267028809e+00
1.308553457260131836e+00
1.063980340957641602e+00
2.505125761032104492e+00
-2.427343606948852539e+00
1.948514282703399658e-01
-2.306623697280883789e+00
3.191874027252197266e+00
-5.158192634582519531e+00
4.206376075744628906e+00
-1.262072801589965820e+00
1.272352576255798340e+00
-1.670877933502197266e+00
-2.221479892730712891e+00
1.119412422180175781e+00
2.188806533813476562e+01
-2.966868877410888672e-01
2.269506931304931641e+00
-2.216862678527832031e+00
-3.647449970245361328e+00
6.789653301239013672e+00
-4.894022464752197266e+00
-7.571497559547424316e-01
3.083762645721435547e+00
1.384798645973205566e+00
3.868122577667236328e+00
1.242669868469238281e+01
-2.500572919845581055e+00
-4.510675430297851562e+00
-1.542900753021240234e+01
-7.080126285552978516e+00
6.029473304748535156e+00
2.621860504150390625e-01
6.738286495208740234e+00
1.234954643249511719e+01
1.348158121109008789e+00
-1.239309024810791016e+01
-1.130900740623474121e+00
-1.198886489868164062e+01
6.045118331909179688e+00
-6.047077655792236328e+00
7.119920253753662109e+00
-3.435421228408813477e+00
1.097549152374267578e+01
-7.632919311523437500e+00
4.026410877704620361e-01
5.864589214324951172e+00
1.056467771530151367e+00
-8.951289176940917969e+00
1.599608540534973145e+00
3.255879878997802734e+00
-6.582156658172607422e+00
5.562133312225341797e+00
-4.343053817749023438e+00
-4.376214981079101562e+00
-8.153113365173339844e+00
-1.901529073715209961e+00
-2.916677474975585938e+00
4.028118133544921875e+00
-1.597602486610412598e+00
-7.847939968109130859e+00
-1.928323507308959961e-02
3.633418560028076172e+00
9.741578102111816406e+00
6.320604801177978516e+00
-1.933656930923461914e+00
1.080471396446228027e+00
5.609014034271240234e+00
1.269817543029785156e+01
9.106649458408355713e-02
-1.511567473411560059e+00
6.170714855194091797e+00
9.725979804992675781e+00
2.130612373352050781e+00
6.867908954620361328e+00
5.116566181182861328e+00
-2.350802898406982422e+00
-1.418483376502990723e+00
4.362560749053955078e+00
4.341195583343505859e+00
-7.238990664482116699e-01
2.137656688690185547e+00
-9.544610977172851562e+00
-1.141614627838134766e+01
2.049226760864257812e+00
-9.966959953308105469e+00
2.080715656280517578e+00
1.555962657928466797e+01
6.910258531570434570e-01
2.316670894622802734e+00
7.667726993560791016e+00
4.384820938110351562e+00
-2.059922695159912109e+00
4.991611838340759277e-01
2.497136592864990234e+00
-5.912911415100097656e+00
5.205741524696350098e-01
3.283578395843505859e+00
3.743741035461425781e+00
2.632309794425964355e-01
4.604933261871337891e-01
1.437073135375976562e+01
-8.215033531188964844e+00
9.014401435852050781e+00
5.706092357635498047e+00
1.215765550732612610e-01
8.789512634277343750e+00
-1.143957495689392090e+00
-9.011551856994628906e+00
7.193589210510253906e+00
2.460294246673583984e+00
-3.652054369449615479e-01
1.510051536560058594e+01
-2.206932544708251953e+00
2.811811685562133789e+00
-3.148678541183471680e+00
-5.468549728393554688e+00
2.987794399261474609e+00
8.321711540222167969e+00
5.236150741577148438e+00
1.835480570793151855e+00
2.879184722900390625e+00
-1.244780659675598145e+00
-4.775681495666503906e+00
-3.576103687286376953e+00
1.014817905426025391e+01
-8.777087211608886719e+00
-1.021436405181884766e+01
-3.963011026382446289e+00
8.800449371337890625e+00
2.526670455932617188e+00
1.678725600242614746e+00
1.095842075347900391e+01
-5.513231277465820312e+00
2.698791503906250000e+00
1.171005725860595703e+01
1.693922996520996094e+00
5.027520179748535156e+00
2.557997703552246094e+00
-6.351586818695068359e+00
-3.404130458831787109e+00
7.280359745025634766e+00
9.869133949279785156e+00
2.311528682708740234e+00
-4.640746116638183594e+00
-1.082016587257385254e+00
-3.147074222564697266e+00
-6.494380950927734375e+00
-6.895792007446289062e+00
1.132532835006713867e+00
-2.957857370376586914e+00
-7.335588455200195312e+00
-3.551260709762573242e+00
7.602738738059997559e-01
6.387701988220214844e+00
-4.333391666412353516e+00
-1.571496963500976562e+00
-4.810977458953857422e+00
1.021455669403076172e+01
-2.280233383178710938e+00
5.747923374176025391e+00
1.334294676780700684e+00
-5.408100605010986328e+00
-1.205571413040161133e+00
-6.545020103454589844e+00
3.152456283569335938e+00
4.522342681884765625e+00
3.207474350929260254e-01
5.414606571197509766e+00
-5.844704151153564453e+00
5.991994857788085938e+00
-3.982965230941772461e+00
2.733184337615966797e+00
-8.865208029747009277e-01
9.978213906288146973e-01
-4.875404357910156250e+00
-4.436675071716308594e+00
7.586771488189697266e+00
2.386203765869140625e+00
-4.259751796722412109e+00
-1.909086704254150391e+00
-5.187300682067871094e+00
-3.462780237197875977e+00
-7.571233272552490234e+00
-6.460908412933349609e+00
-2.083876609802246094e+00
-3.043597459793090820e+00
9.032637476921081543e-01
1.482330322265625000e+00
7.454370975494384766e+00
1.595960617065429688e+01
-5.324809551239013672e+00
1.447523117065429688e+00
-3.904356956481933594e+00
1.997303366661071777e+00
-8.364144563674926758e-01
5.185757875442504883e-01
-4.083725452423095703e+00
4.242580413818359375e+00
7.932894825935363770e-01
-1.841280746459960938e+01
1.306388735771179199e+00
-2.156968879699707031e+01
2.799694538116455078e+00
-1.363580322265625000e+01
2.049072265625000000e+00
7.887836933135986328e+00
-3.254099130630493164e+00
3.341889381408691406e+00
-5.630237102508544922e+00
3.700269460678100586e-01
-7.659175872802734375e+00
2.647081315517425537e-01
-4.470796138048171997e-02
6.143137216567993164e-01
-9.467475891113281250e+00
5.009429454803466797e-01
4.424853324890136719e+00
-1.686243414878845215e+00
-1.389855766296386719e+01
-1.723053455352783203e+00
5.795095562934875488e-01
8.547954559326171875e+00
5.054332017898559570e-01
7.703768253326416016e+00
9.846778869628906250e+00
-5.019607067108154297e+00
6.514374017715454102e-01
-9.309460639953613281e+00
5.943037986755371094e+00
-4.920286655426025391e+00
-2.320766150951385498e-01
-9.665430068969726562e+00
-5.959271430969238281e+00
5.219852328300476074e-01
-2.825478553771972656e+00
-2.895793199539184570e+00
-5.727327346801757812e+00
-4.966200828552246094e+00
-4.171675682067871094e+00
9.126978874206542969e+00
6.423609256744384766e+00
-3.820061922073364258e+00
-2.752089691162109375e+01
5.781580924987792969e+00
-6.996059417724609375e-01
-5.588671207427978516e+00
4.754821777343750000e+00
-5.726955890655517578e+00
-4.451350212097167969e+00
-6.572107672691345215e-01
8.671043395996093750e+00
-7.174417018890380859e+00
4.618620872497558594e-01
2.360394859313964844e+01
-3.819092988967895508e+00
6.370582103729248047e+00
1.126679992675781250e+01
7.239684462547302246e-03
5.574853420257568359e+00
-6.769279479980468750e+00
7.397259235382080078e+00
6.487042427062988281e+00
-1.317599010467529297e+01
1.511355972290039062e+01
6.331280708312988281e+00
2.934642553329467773e+00
1.900840878486633301e+00
2.662724733352661133e+00
-1.548500776290893555e+00
1.129182338714599609e+01
3.637363016605377197e-01
-3.186953067779541016e-01
4.886003494262695312e+00
2.054105281829833984e+00
3.462201595306396484e+00
-6.885915756225585938e+00
-8.979066610336303711e-01
-2.026056098937988281e+01
-3.043396234512329102e+00
7.079333305358886719e+00
-1.920553970336914062e+01
5.447586178779602051e-01
4.944011211395263672e+00
-2.996228933334350586e+00
-1.907961845397949219e+00
2.068330764770507812e+00
-6.848304748535156250e+00
6.762500762939453125e+00
6.506442546844482422e+00
-2.965671777725219727e+00
-3.863027095794677734e-01
2.317793846130371094e+00
-2.602756023406982422e+00
2.481927633285522461e+00
-6.350410461425781250e+00
-4.760710000991821289e-01
-2.570550203323364258e+00
3.826501667499542236e-01
6.603282451629638672e+00
-2.157587051391601562e+00
-2.626075744628906250e+00
-2.594564914703369141e+00
-2.134111881256103516e+00
8.090926170349121094e+00
1.578132033348083496e+00
-1.515182971954345703e+00
-6.815838813781738281e-01
7.177251338958740234e+00
8.232546806335449219e+00
-5.033646583557128906e+00
-5.508616924285888672e+00
-4.080550193786621094e+00
-5.408138751983642578e+00
-3.511351823806762695e+00
4.906236827373504639e-01
-1.053190112113952637e+00
-4.462911128997802734e+00
-4.610733509063720703e+00
